2 0.384375 0.2546875 0.05390625 0.06953125
2 0.50546875 0.18046875 0.05234375 0.07578125
2 0.321875 0.40859375 0.05703125 0.07265625
2 0.340625 0.575 0.05703125 0.07265625
2 0.42890625 0.69375 0.04765625 0.0734375
2 0.54765625 0.72109375 0.0484375 0.075
2 0.659375 0.65390625 0.05390625 0.0703125
2 0.725 0.51484375 0.05625 0.075
2 0.7171875 0.346875 0.06015625 0.06640625
2 0.634375 0.2171875 0.05625 0.07890625
1 0.546875 0.3515625 0.02265625 0.03359375
1 0.60234375 0.42890625 0.02109375 0.0296875
1 0.58046875 0.5296875 0.02109375 0.02890625
1 0.503125 0.55703125 0.02109375 0.02890625
1 0.44765625 0.48359375 0.021875 0.02890625
1 0.4671875 0.37890625 0.021875 0.0296875