1 0.11171875 0.29375 0.03671875 0.05078125
1 0.11953125 0.34921875 0.03984375 0.0453125
2 0.165625 0.465625 0.06171875 0.07421875
1 0.159375 0.575 0.03671875 0.04140625
2 0.3953125 0.27265625 0.05234375 0.065625
1 0.45234375 0.2453125 0.04296875 0.05390625
1 0.503125 0.24296875 0.04375 0.05859375
3 0.54609375 0.3421875 0.028125 0.06640625
3 0.47734375 0.35 0.02734375 0.0734375
3 0.4359375 0.3546875 0.028125 0.07265625
1 0.6984375 0.22890625 0.0453125 0.05703125
1 0.7421875 0.4203125 0.05625 0.07890625
2 0.8765625 0.4109375 0.04609375 0.0671875
1 0.94296875 0.21484375 0.04453125 0.05859375
1 0.9234375 0.34375 0.04453125 0.05703125
3 0.91953125 0.4109375 0.025 0.06640625