2 0.32890625 0.14375 0.09140625 0.14609375
2 0.1890625 0.34921875 0.09765625 0.15625
2 0.35234375 0.66796875 0.0859375 0.1375
2 0.4734375 0.484375 0.0828125 0.1296875
1 0.6421875 0.38828125 0.075 0.11328125
1 0.5734375 0.49375 0.07421875 0.11328125
1 0.490625 0.79296875 0.07734375 0.1296875
1 0.56796875 0.89921875 0.0796875 0.134375
1 0.5640625 0.67734375 0.07578125 0.12578125
1 0.6359375 0.5625 0.078125 0.121875
1 0.70546875 0.45078125 0.07578125 0.12265625
1 0.790625 0.53828125 0.0796875 0.128125
1 0.715625 0.65625 0.0796875 0.13359375
1 0.6421875 0.778125 0.084375 0.1375