2 0.25546875 0.465625 0.03359375 0.04609375
2 0.24921875 0.5265625 0.03359375 0.04609375
2 0.24140625 0.5921875 0.0375 0.0453125
2 0.23359375 0.66796875 0.034375 0.05390625
1 0.49609375 0.72578125 0.0328125 0.0484375
1 0.42578125 0.40390625 0.0234375 0.03515625
1 0.528125 0.4625 0.03359375 0.03984375
1 0.35 0.48203125 0.0234375 0.0453125
1 0.34453125 0.56171875 0.02890625 0.05078125
1 0.340625 0.63203125 0.02734375 0.0453125
1 0.33515625 0.73203125 0.03125 0.05390625
1 0.45625 0.8046875 0.03359375 0.05390625
1 0.4875 0.8390625 0.03203125 0.05
1 0.53046875 0.753125 0.03359375 0.05234375
0 0.4640625 0.40625 0.028125 0.04453125