2 0.27109375 0.19296875 0.0609375 0.084375
2 0.33828125 0.18828125 0.0609375 0.0890625
2 0.4015625 0.2140625 0.0625 0.08671875
2 0.4578125 0.2828125 0.0625 0.0921875
2 0.4984375 0.3765625 0.06796875 0.0859375
2 0.51953125 0.48828125 0.0625 0.096875
2 0.51875 0.6078125 0.0671875 0.08671875
2 0.4953125 0.721875 0.06640625 0.09296875
2 0.45390625 0.81484375 0.065625 0.08984375
2 0.39375 0.88125 0.065625 0.090625
2 0.3296875 0.9109375 0.0640625 0.09140625
2 0.2625 0.9078125 0.0625 0.0875
2 0.19765625 0.865625 0.0640625 0.084375
2 0.1484375 0.8 0.065625 0.08359375
0 0.025 0.79921875 0.02890625 0.05546875
0 0.04765625 0.79375 0.028125 0.0515625
0 0.06875 0.77421875 0.0296875 0.05
2 0.5609375 0.853125 0.046875 0.06953125
2 0.6140625 0.85703125 0.04765625 0.06953125
2 0.665625 0.8328125 0.0453125 0.06796875
2 0.7109375 0.78046875 0.0484375 0.06484375
2 0.74375 0.709375 0.0484375 0.0703125
2 0.7609375 0.6234375 0.05 0.06484375
2 0.7609375 0.53671875 0.0484375 0.06953125
2 0.74375 0.4546875 0.05 0.0671875
2 0.7109375 0.38359375 0.046875 0.06953125
2 0.665625 0.3359375 0.04609375 0.06953125
2 0.61328125 0.3125 0.0484375 0.06484375