2 0.23125 0.365625 0.04140625 0.05703125
2 0.27578125 0.43125 0.0375 0.05625
2 0.22265625 0.4375 0.04140625 0.05859375
2 0.26875 0.50546875 0.0359375 0.059375
2 0.26015625 0.5796875 0.03671875 0.059375
2 0.215625 0.51328125 0.03828125 0.06171875
2 0.20859375 0.58984375 0.03984375 0.05703125
2 0.25234375 0.65546875 0.03671875 0.05625
2 0.15234375 0.65234375 0.0453125 0.05546875
2 0.2015625 0.71640625 0.04453125 0.05703125
2 0.2484375 0.7859375 0.04296875 0.05546875
2 0.08828125 0.68671875 0.0421875 0.053125
2 0.1375 0.7515625 0.04375 0.05859375
2 0.18515625 0.8140625 0.04375 0.05625
2 0.5265625 0.33125 0.05234375 0.0609375
2 0.525 0.40234375 0.0515625 0.0640625
2 0.525 0.47109375 0.05234375 0.06484375
2 0.521875 0.54375 0.0546875 0.0625
2 0.5203125 0.6125 0.0546875 0.05625