2 0.06640625 0.08046875 0.08046875 0.1078125
2 0.2265625 0.06875 0.08125 0.11015625
2 0.38671875 0.059375 0.07734375 0.1109375
2 0.54921875 0.053125 0.0796875 0.10078125
2 0.7125 0.04921875 0.07890625 0.09375
2 0.8796875 0.04453125 0.0828125 0.08359375
2 0.88984375 0.20546875 0.0828125 0.1109375
2 0.0671875 0.25546875 0.08125 0.10859375
2 0.2296875 0.246875 0.07890625 0.10859375
2 0.3890625 0.2375 0.08046875 0.10859375
2 0.55625 0.2234375 0.078125 0.10859375
2 0.7234375 0.21796875 0.07734375 0.103125
2 0.0671875 0.47109375 0.0875 0.1078125
2 0.23046875 0.4640625 0.0796875 0.10859375
2 0.396875 0.45859375 0.07734375 0.109375
2 0.56640625 0.446875 0.08359375 0.11484375
2 0.734375 0.43984375 0.0828125 0.1125
2 0.90234375 0.434375 0.0828125 0.10703125
2 0.06328125 0.66015625 0.08203125 0.11328125
2 0.23203125 0.65625 0.0828125 0.103125
2 0.4 0.65078125 0.0796875 0.10703125
2 0.5703125 0.6421875 0.0828125 0.109375
2 0.73984375 0.63125 0.08671875 0.11875
2 0.9109375 0.6234375 0.08828125 0.11328125
2 0.92265625 0.82421875 0.08828125 0.1203125
2 0.75 0.82890625 0.08515625 0.1125
2 0.57421875 0.83984375 0.08828125 0.1109375
2 0.4 0.840625 0.08046875 0.11640625
2 0.23125 0.85390625 0.08046875 0.1125
2 0.0625 0.85390625 0.0875 0.10546875