1 0.328125 0.60625 0.06953125 0.046875
1 0.42578125 0.53671875 0.0625 0.05078125
1 0.58828125 0.52890625 0.06640625 0.05390625
1 0.6953125 0.5890625 0.065625 0.05
1 0.525 0.65625 0.04765625 0.03515625
1 0.69140625 0.67265625 0.05703125 0.04765625
1 0.59296875 0.728125 0.06015625 0.03984375
1 0.45546875 0.73515625 0.05703125 0.0421875
1 0.34921875 0.68671875 0.06171875 0.04375
1 0.475 0.85 0.05625 0.04375
1 0.62109375 0.84296875 0.0640625 0.04609375
1 0.72109375 0.8859375 0.0640625 0.04375
1 0.7140625 0.946875 0.06796875 0.03984375
1 0.3890625 0.9609375 0.06953125 0.03828125
1 0.378125 0.89921875 0.0625 0.0390625
1 0.23515625 0.59921875 0.04140625 0.0296875
1 0.21953125 0.54296875 0.046875 0.034375
1 0.23203125 0.48515625 0.04296875 0.0296875
1 0.2796875 0.43203125 0.0453125 0.0296875
1 0.35546875 0.38671875 0.04375 0.03203125
1 0.4484375 0.3609375 0.04375 0.0359375
1 0.55625 0.35625 0.0453125 0.03515625
1 0.65625 0.37421875 0.03984375 0.034375
1 0.73515625 0.41328125 0.04140625 0.03203125
1 0.7859375 0.4609375 0.03828125 0.034375
1 0.80859375 0.51875 0.04140625 0.03203125
1 0.79453125 0.57578125 0.04296875 0.03125
0 0.7625 0.62421875 0.034375 0.028125
0 0.2734375 0.64375 0.03984375 0.03203125