1 0.8265625 0.51640625 0.13671875 0.1296875
1 0.5484375 0.496875 0.1234375 0.1234375
1 0.34921875 0.55078125 0.10859375 0.1015625
1 0.22890625 0.6453125 0.1015625 0.096875
0 0.0328125 0.88828125 0.05859375 0.06328125
1 0.1921875 0.8953125 0.08515625 0.0796875
1 0.18359375 0.76640625 0.09296875 0.08671875
0 0.05 0.97109375 0.06640625 0.0515625
0 0.1140625 0.4046875 0.0546875 0.05
0 0.1109375 0.31640625 0.0546875 0.053125
1 0.1265625 0.234375 0.05 0.0546875
1 0.17109375 0.1703125 0.05859375 0.053125
1 0.24296875 0.1296875 0.05703125 0.06015625
1 0.33828125 0.12421875 0.06015625 0.06171875
1 0.44765625 0.16171875 0.06484375 0.0703125
1 0.55546875 0.23359375 0.05859375 0.05703125
0 0.73203125 0.10390625 0.053125 0.0546875
0 0.81953125 0.165625 0.0515625 0.0515625
0 0.94921875 0.07578125 0.04140625 0.0453125