2 0.52265625 0.5421875 0.05625 0.0609375
2 0.68984375 0.509375 0.05 0.05625
2 0.81171875 0.42734375 0.05234375 0.0578125
0 0.871875 0.3203125 0.04609375 0.05
0 0.86875 0.225 0.040625 0.0421875
0 0.81796875 0.1453125 0.0421875 0.04140625
0 0.73828125 0.0875 0.03671875 0.0421875
0 0.528125 0.04609375 0.0421875 0.0375
2 0.35546875 0.5265625 0.05078125 0.0609375
2 0.228125 0.4515625 0.04765625 0.05234375
2 0.1703125 0.353125 0.05 0.05625
2 0.171875 0.2546875 0.04609375 0.05
0 0.2296875 0.1671875 0.0421875 0.04375
0 0.3109375 0.10078125 0.03984375 0.04375
0 0.41640625 0.0640625 0.03515625 0.0359375