2 0.56875 0.225 0.053125 0.0734375
2 0.515625 0.271875 0.053125 0.0703125
2 0.48125 0.33359375 0.0546875 0.0703125
2 0.4609375 0.415625 0.05703125 0.07578125
2 0.46328125 0.50546875 0.05703125 0.0703125
2 0.4796875 0.5859375 0.05703125 0.0734375
2 0.51875 0.6609375 0.05078125 0.0703125
2 0.571875 0.71015625 0.0546875 0.0734375
2 0.63046875 0.74375 0.0546875 0.07890625
2 0.69375 0.74609375 0.059375 0.07890625
2 0.75 0.7296875 0.05703125 0.0734375
2 0.303125 0.53515625 0.04453125 0.06171875
2 0.2890625 0.60703125 0.04609375 0.059375
2 0.28828125 0.6828125 0.053125 0.06484375
2 0.30703125 0.759375 0.0484375 0.06484375
1 0.33984375 0.82265625 0.04609375 0.06796875
1 0.38515625 0.86875 0.0484375 0.06484375
1 0.43984375 0.8984375 0.0484375 0.06796875
1 0.49921875 0.8984375 0.0484375 0.0734375
0 0.55625 0.88046875 0.04453125 0.059375
0 0.078125 0.09453125 0.04609375 0.0703125
0 0.021875 0.22421875 0.03984375 0.0703125
3 0.3703125 0.21953125 0.053125 0.05078125
3 0.425 0.20703125 0.05703125 0.05390625
3 0.4859375 0.203125 0.05703125 0.05078125
3 0.3375 0.2453125 0.0546875 0.05078125
3 0.2078125 0.95390625 0.04453125 0.0421875